4002
4038
4074
4110
4146
4182
4218
4254
4290
4326
4362
4366
4330
4294
4258
4222
4186
4150
4114
4078
4042
4006
4010
4046
4082
4118
4154
4190
4226
4262
4298
4370
4334
4328
4292
4256
4364
4220
4184
4148
4112
4076
4040
4004
4005
4041
4077
4113
4149
4185
4221
4365
4257
4293
4329
4327
4291
4255
4363
4219
4183
4147
4111
4039
4075
4003
4009
4045
4081
4117
4153
4189
4225
4261
4369
4297
4333
4331
4295
4367
4223
4259
4187
4151
4115
4079
4043
4007
4008
4044
4080
4116
4152
4188
4260
4224
4368
4296
4332
4381
4345
4309
4273
4237
4201
4165
4129
4093
4057
4021
4028
4064
4100
4136
4172
4208
4244
4280
4316
4352
4388
4391
4355
4319
4283
4247
4211
4175
4139
4103
4067
4031
4032
4068
4104
4140
4176
4212
4248
4284
4320
4356
4392
4035
4071
4107
4143
4179
4215
4251
4287
4323
4359
4395
4373
4337
4301
4265
4229
4193
4157
4121
4013
4085
4049
4050
4086
4014
4018
4054
4090
4126
4162
4342
4378
4198
4234
4270
4306
4023
4092
4056
4164
4128
4236
4200
4308
4272
4380
4344
4059
4095
4131
4167
4203
4239
4275
4311
4347
4383
4385
4349
4313
4277
4241
4122
4158
4194
4230
4266
4302
4338
4374
4397
4361
4325
4289
4253
4217
4358
4394
4286
4322
4214
4250
4142
4178
4070
4106
4030
4034
4174
4138
4102
4066
4390
4354
4318
4282
4246
4210
4351
4387
4279
4315
4207
4243
4135
4171
4063
4099
4020
4027
4061
4025
4205
4169
4133
4097
4181
4145
4109
4073
4037
4036
4072
4108
4144
4060
4096
4132
4168
4026
4024
4062
4098
4170
4134
4206
4242
4350
4314
4278
4386
4389
4209
4245
4353
4317
4281
4065
4029
4033
4101
4173
4137
4069
4105
4213
4177
4141
4249
4321
4285
4357
4393
4180
4216
4252
4288
4324
4360
4396
4204
4240
4276
4312
4348
4384
4382
4346
4310
4274
4238
4202
4166
4130
4094
4307
4271
4163
4199
4235
4127
4055
4091
4019
4058
4022
4341
4305
4269
4233
4377
4379
4343
4197
4161
4125
4089
4053
4017
4012
4084
4048
4336
4372
4300
4264
4228
4192
4120
4156
4119
4155
4191
4227
4263
4299
4371
4335
4047
4011
4083
4087
4051
4015
4375
4339
4303
4267
4231
4159
4195
4123
4376
4304
4340
4124
4196
4160
4232
4268
4016
4052
4088
